# Wes Sander, MoltFire
pglib_opf_case300_ieee: AC-OPF objective 565219.992242 $/h (verified feasible at 1e-06 pu)

gen  bus  Pg[MW]  Qg[MVAr]
  0    8     0.0000    10.0000
  1   10     0.0000    20.0000
  2   20     0.0000    20.0000
  3   63     0.0000    25.0000
  4   76     0.0000    35.0000
  5   84   820.4078   237.7158
  6   91     0.0000    61.9953
  7   92    61.0489    36.6233
  8   98    93.0000     8.8611
  9  108   197.0000    51.9068
 10  119  1665.8400   925.5052
 11  124   321.0000   120.0000
 12  125     0.0000   200.0000
 13  138     0.0000   334.3733
 14  141   297.0000    67.3926
 15  143   800.0000   124.8452
 16  146    91.0000    34.9998
 17  147     0.0000   -23.0330
 18  149     0.0000    26.9162
 19  152   242.9819   -50.0000
 20  153   242.0000   -50.0000
 21  156     0.0000    -9.9999
 22  170   209.1507    90.0000
 23  171     0.0000   150.0000
 24  176   102.7486    34.6756
 25  177   125.0000    35.0000
 26  185   250.0000    34.0231
 27  186  2465.0000   282.3756
 28  187  1624.0000   275.3524
 29  190     0.0000  -222.0562
 30  191  1491.3079   383.4728
 31  198   430.0000   139.9166
 32  213     0.0000    74.1735
 33  220   460.0000    60.0000
 34  221   554.0000   277.0000
 35  222     0.0000   124.3957
 36  227   436.0000   217.9998
 37  230   458.0000    99.9261
 38  233   341.0000   170.9995
 39  236   881.0000   299.9997
 40  238   267.0000   133.9999
 41  239   425.0302   225.2117
 42  241  1127.0000  -104.3762
 43  242     0.0000   100.0000
 44  243   342.0000    54.9642
 45 7001     0.0000   134.1896
 46 7002   670.0000   108.7165
 47 7003  1401.0000   420.0000
 48 7011   637.1651   100.0000
 49 7012   554.0144   224.0000
 50 7017   490.0000   245.0000
 51 7023     0.0000     5.9720
 52 7024   496.1127   167.4202
 53 7039     0.0000    46.7289
 54 7044    82.5575    42.0000
 55 7049   496.3414    10.0000
 56 7055    87.8211    25.0000
 57 7057     0.0000    90.0000
 58 7061   531.9791   150.0000
 59 7062   357.1143   150.0000
 60 7071   203.0000    87.0000
 61 7130   800.5333   220.2006
 62 7139   239.8123   314.7758
 63 7166     0.0000    31.2974
 64 9002     0.0000     2.0000
 65 9051     0.0000    17.3500
 66 9053     0.0000    12.8300
 67 9054    84.0000    38.0000
 68 9055     0.0000     6.0000

bus  Vm[pu]  Va[deg]
   1  1.03528   -0.2389
   2  1.04271    6.5688
   3  1.00382    4.0795
   4  1.03798    2.3655
   5  1.02735   -0.3941
   6  1.03803    5.5593
   7  1.00070    3.5986
   8  1.02370    2.2296
   9  1.01536    1.2571
  10  1.03379    0.9334
  11  1.02291    4.1084
  12  1.00735    3.5218
  13  1.01126   -0.6021
  14  1.00034   -4.6986
  15  1.02750   -8.2664
  16  1.03887   -4.1671
  17  1.05658   -9.2172
  19  0.99548   -1.4586
  20  1.01611   -4.2328
  21  0.98870   -0.4519
  22  1.01100   -4.8309
  23  1.05870   -2.4957
  24  1.02333    3.2176
  25  1.03459   -4.5463
  26  1.01330   -6.8734
  27  0.99031   -8.6299
  33  1.03452  -13.3823
  34  1.05236   -9.6065
  35  0.99916   -9.9396
  36  1.03069  -10.5372
  37  1.02875  -12.7664
  38  1.03032  -13.7549
  39  1.06000   -9.1743
  40  1.03242  -14.3833
  41  1.03759  -11.8250
  42  1.05584   -9.1532
  43  1.02091  -15.7803
  44  1.03473  -14.0294
  45  1.04815  -11.4487
  46  1.05772  -10.1245
  47  1.00553  -16.9561
  48  1.02589  -19.1706
  49  1.04401   -3.2385
  51  1.02897   -8.8610
  52  1.00494  -12.1723
  53  1.01608  -16.3391
  54  1.02465  -14.6126
  55  1.02392  -12.2525
  57  1.01146  -14.3746
  58  1.00296   -8.2372
  59  0.99772   -6.2129
  60  1.05265   -8.2111
  61  1.01146   -3.8010
  62  1.03677   -2.8190
  63  0.97569  -19.8626
  64  0.96496  -15.0588
  69  0.99583  -12.0820
  70  0.98703  -17.1012
  71  1.01330  -12.1757
  72  0.99711  -10.6092
  73  0.99964  -12.9466
  74  1.02724  -12.0996
  76  0.98750  -10.7760
  77  1.01256   -7.2517
  78  1.01903   -5.4767
  79  1.00937   -8.5446
  80  1.01774   -9.8935
  81  1.05730  -10.3045
  84  1.06000    9.6584
  85  1.04860  -20.7610
  86  1.03907  -18.6184
  87  1.01803  -12.2044
  88  1.04140  -10.9576
  89  1.03278  -16.5288
  90  1.02376  -16.8033
  91  1.06000  -19.1968
  92  1.06000  -19.5893
  94  1.02138  -14.7548
  97  1.05050  -20.4894
  98  1.06000  -19.9137
  99  1.05690  -22.2650
 100  1.05340  -20.3542
 102  1.05098  -20.5086
 103  1.04940  -21.4474
 104  1.05447  -21.4633
 105  1.04714  -21.6545
 107  1.03782  -20.7914
 108  1.06000  -22.1808
 109  1.02452  -24.9993
 110  1.02928  -25.7740
 112  1.01657  -25.6066
 113  1.00287  -20.6676
 114  1.01736  -25.1019
 115  0.98010  -22.5299
 116  1.04642  -19.6092
 117  0.96008  -14.7454
 118  0.95512  -14.3382
 119  1.06000   -7.5268
 120  0.98404  -19.5674
 121  1.01146  -22.6456
 122  0.99225  -22.5743
 123  1.01959  -23.8428
 124  1.04653  -19.7757
 125  1.02125  -23.6162
 126  1.00633  -17.9100
 127  1.00419  -13.6885
 128  1.00343   -6.6688
 129  1.00374   -6.3543
 130  1.03027    1.0773
 131  0.99324    2.9371
 132  1.01551   -1.4348
 133  0.99908   -6.2789
 134  1.02924  -11.1841
 135  1.02882  -10.6667
 136  1.05702   -4.0834
 137  1.04065    0.3329
 138  1.06000   -3.5761
 139  1.01111  -11.5870
 140  1.03338   -5.8359
 141  1.04830   -4.4787
 142  1.01257   -7.6854
 143  1.04561   -0.9392
 144  1.03506   -2.6616
 145  1.00823   -7.5680
 146  1.05846   -5.1817
 147  1.06000   -5.2988
 148  1.06000   -5.1780
 149  1.05529   -3.5714
 150  0.99362    3.1368
 151  1.01615   -0.3113
 152  1.06000   -0.6397
 153  1.04161   -3.2761
 154  0.97311  -17.6374
 155  1.03225  -11.5010
 156  0.96944  -12.9211
 157  1.00349  -19.8504
 158  1.01667  -18.4555
 159  1.00778  -18.1942
 160  1.02085  -19.1972
 161  1.03788   -6.4121
 162  1.03750  -11.5824
 163  1.05484   -4.0668
 164  1.01190   -9.9530
 165  1.04007  -11.5930
 166  1.03073  -11.5846
 167  0.97516   -9.1888
 168  1.00341   -6.6864
 169  0.98815   -8.4985
 170  0.94000   -4.2410
 171  0.97989  -10.7807
 172  1.02231  -12.9093
 173  0.98308  -19.9179
 174  1.06000   -7.9030
 175  0.97223  -13.2541
 176  1.03587   -7.7402
 177  1.00800   -8.5104
 178  0.94000  -14.0340
 179  0.96928  -15.9340
 180  0.97950  -10.5244
 181  1.04732    1.0689
 182  1.03417   -8.8044
 183  0.97121   -6.9704
 184  1.04565   -8.9906
 185  1.06000   -5.8787
 186  1.06000    8.4765
 187  1.06000    5.1269
 188  1.04782    2.4589
 189  1.04288  -15.5115
 190  1.04622   -9.5099
 191  1.01107   -5.9703
 192  0.94417  -22.5855
 193  1.03230  -15.6776
 194  1.06000   -9.0869
 195  1.05247  -10.5824
 196  1.01014  -14.5491
 197  1.03014  -12.8838
 198  1.06000  -10.0432
 199  0.99610  -15.3911
 200  0.99679  -15.4180
 201  1.01206  -14.3963
 202  1.02814  -14.1303
 203  1.04402  -11.5264
 204  1.01565  -14.4323
 205  1.02590  -15.5140
 206  1.03164  -20.6145
 207  1.03980  -22.2428
 208  1.03661  -16.2815
 209  1.04700  -15.1766
 210  1.02169  -13.6210
 211  1.03598  -12.2429
 212  1.04326  -12.0612
 213  1.06000  -13.1309
 214  1.03341  -13.0340
 215  1.02224  -13.5372
 216  1.00619  -14.0485
 217  1.03618  -10.6261
 218  1.02175  -10.4866
 219  1.05510   -9.6653
 220  1.04399   -8.1817
 221  1.04613  -11.3796
 222  1.00991  -18.5661
 223  1.04112  -11.7398
 224  1.02725  -13.3655
 225  0.95490  -21.3421
 226  1.03832  -12.3994
 227  0.97832  -12.3231
 228  1.04713   -7.0473
 229  1.05493   -5.9571
 230  1.06000    1.9627
 231  1.04891   -9.7055
 232  1.03990  -11.5464
 233  1.01892  -13.1612
 234  1.04586   -6.6093
 235  1.04549   -7.6260
 236  1.01923    1.4377
 237  1.05150   -9.4669
 238  1.04646   -7.5760
 239  1.06000   -4.0502
 240  1.01529   -9.0190
 241  1.02760   -0.1957
 242  1.03457  -12.5851
 243  1.06000    3.2848
 244  1.02865   -0.4149
 245  0.99834   -8.7040
 246  0.98954   -6.5750
 247  1.00306  -12.2764
 248  1.01688  -15.3487
 249  1.01626  -15.7397
 250  1.05899  -14.0231
 281  1.01665   -8.9450
 319  1.03299   -1.1729
 320  1.02911   -7.3601
 322  1.05901  -21.7230
 323  1.02983  -18.1660
 324  1.04652  -24.9357
 526  0.96221  -35.9076
 528  1.00754  -19.3522
 531  0.98825  -12.1433
 552  1.02946   -5.7627
 562  1.01198  -17.7432
 609  0.98813  -10.8807
 664  1.04240   -6.9222
1190  1.02915   -8.7500
1200  1.05224  -18.3857
1201  1.04156  -26.7653
2040  1.00615   -4.1302
7001  1.06000   -0.2389
7002  1.06000   11.5898
7003  1.03637   12.2397
7011  1.03462   10.7567
7012  1.06000   12.8377
7017  1.02782   -5.1859
7023  1.06000   -2.4957
7024  1.06000   10.8130
7039  1.03617   -9.1743
7044  1.03180   -6.4191
7049  1.04353    0.0000
7055  0.99592   -3.1000
7057  1.00414  -14.3746
7061  1.03846    3.1223
7062  1.02227    3.0861
7071  1.01505   -4.6955
7130  1.06000    9.2105
7139  1.06000   -9.4455
7166  1.03539  -11.5846
9001  1.02039  -12.7803
9002  1.00382  -20.2550
9003  0.99381  -21.0674
9004  0.98737  -21.2020
9005  1.02112  -12.8102
9006  1.01299  -18.8487
9007  1.00168  -20.0864
9012  1.01152  -18.6931
9021  0.99809  -20.4717
9022  0.97450  -22.9973
9023  0.98421  -20.7756
9024  0.98007  -22.7748
9025  0.97436  -21.8171
9026  0.97520  -21.7295
9031  0.94289  -26.2973
9032  0.95504  -25.1348
9033  0.94000  -26.6052
9034  1.00808  -22.4554
9035  0.96129  -24.4943
9036  0.97046  -23.9884
9037  0.96781  -23.9143
9038  0.95020  -25.7060
9041  0.97425  -22.6727
9042  0.96112  -23.8125
9043  0.97537  -22.7714
9044  0.98953  -21.1627
9051  1.02724  -20.6421
9052  0.98988  -18.6133
9053  1.01491  -19.0350
9054  1.02687   -5.5102
9055  1.02536  -12.8102
9071  0.98589  -21.8365
9072  0.99087  -21.2938
9121  0.98935  -20.6796
9533  1.05612  -19.5350
