# Wes Sander, MoltFire
pglib_opf_case240_pserc: AC-OPF objective 3329672.220223 $/h (verified feasible at 1e-06 pu)

gen  bus  Pg[MW]  Qg[MVAr]
  0 1032  2059.9998   179.5164
  1 1032   713.9998    62.2207
  2 1034     0.0002  -130.2516
  3 1034  1834.9998   -52.1233
  4 1034  1399.9998   -39.7455
  5 1131   614.9998   105.6533
  6 1131  3830.7998   657.2465
  7 1131   239.9998    41.1636
  8 1232  2414.9998  -548.7731
  9 1232   603.2805  -285.2893
 10 1331  1681.9998    -5.0810
 11 1331  2437.9998    -7.3648
 12 1333   604.9998   128.6282
 13 1333  5490.9998  1165.7206
 14 1333     0.0002    16.1315
 15 1431  3210.6212   135.3411
 16 1431  4112.9998    78.2232
 17 1431     0.0002     0.5704
 18 2030  2139.9998   391.2312
 19 2030   698.9998   127.9728
 20 2130   399.9998    -3.7294
 21 2130   506.9998    -4.7363
 22 2130     0.0002    -4.6617
 23 2130   171.9998    -1.6036
 24 2233   705.9998   101.3318
 25 2233  1252.9998   230.6370
 26 2233     0.0002    32.6275
 27 2332  1117.9998   -30.0077
 28 2438  1562.9998    36.5876
 29 2438     0.0002   106.1997
 30 2438     0.0002   339.0735
 31 2438     0.0002   -32.4124
 32 2438     0.0002    65.7259
 33 2438  1272.9998   -90.6357
 34 2438  3966.9998   120.0492
 35 2438    -0.0002     0.2076
 36 2533  2231.9998   196.9224
 37 2630  2691.9998   683.8875
 38 2631   317.9998    32.0246
 39 2634  1899.9998   178.8376
 40 2637     0.0002   109.9979
 41 2638  -446.2760    40.5700
 42 3133     0.0002    41.9998
 43 3133     0.0002   499.9997
 44 3135   368.9998    57.8615
 45 3135     0.0002    23.8395
 46 3234   120.9997    43.5380
 47 3234  2627.9998   434.9619
 48 3234   706.9998   188.0659
 49 3234   689.9998    32.5565
 50 3333     0.0002   397.9998
 51 3333   212.9998   201.9998
 52 3432  1217.9998   310.4499
 53 3433   627.9998    80.6124
 54 3433  2015.9998   383.0104
 55 3531   867.9998   188.1931
 56 3531   324.9998    32.1265
 57 3531     0.0002     1.2947
 58 3631    52.9998    19.9998
 59 3631   142.9998    73.9998
 60 3731   254.9998   199.9998
 61 3831  2266.9998  -477.3675
 62 3835  1380.9998    28.6251
 63 3835    -0.0002     0.2225
 64 3836     0.0002   373.5393
 65 3931     0.0002    75.6976
 66 3931  2727.1575   652.7059
 67 3932  1477.9998  -229.0884
 68 3933   589.9998   253.7509
 69 3933     0.0002    44.5934
 70 3933  1278.1938   301.8786
 71 3933  3504.9998   692.0785
 72 3933   292.9998     7.1078
 73 3933    -0.0002     0.3771
 74 4039   203.9998   101.9935
 75 4039     0.0002  1458.9094
 76 4039     0.0002   187.9882
 77 4031   290.6847  -501.9998
 78 4031   977.9998  -488.9998
 79 4031    74.9998   -37.9998
 80 4031     0.0002  -119.9998
 81 4035   509.9998  -185.9034
 82 4035   612.9998  -223.8132
 83 4035  3670.9998 -1338.5054
 84 4035     0.0002  -355.7682
 85 4131  2052.0714   462.4688
 86 4131     0.0002     8.5616
 87 4132  2944.9998   433.8372
 88 4132  5692.9998   838.5164
 89 4132  1159.9998   170.8252
 90 4132     0.0002    68.0355
 91 4132     0.0002    25.9183
 92 4231  1455.9998   134.9216
 93 4231  1316.9998   122.1337
 94 4231     0.0002   335.0801
 95 4231    46.9998     4.4479
 96 4232     0.0002   591.9997
 97 4232   572.9998   286.9998
 98 4232     0.0002   107.9998
 99 5031     0.0002   218.1402
100 5031  8798.7998  1586.1142
101 5032  5953.9998   898.4344
102 5032   573.7092   663.9421
103 5032  4410.1998   665.4511
104 5032     0.0002    16.2967
105 5032     0.0002    81.7855
106 6132    14.9998    -1.1318
107 6132   292.9998   -20.7979
108 6132  2143.9998  -151.6691
109 6132     0.0002    -2.5467
110 6132   235.9998   -16.6949
111 6231  2510.9998    18.5375
112 6231   139.9998     1.0331
113 6235     0.0002   -28.4844
114 6235   692.9998  -154.4395
115 6235   189.9998   -42.2816
116 6333  3341.9998   647.2265
117 6333   247.9998    48.0287
118 6335     0.0002   -14.6367
119 6335     0.0002    -4.9898
120 6335   399.0976    -6.1390
121 6433   542.8402   -22.1680
122 6433   117.9998    -4.6216
123 6433     0.0002   -41.9861
124 6433    22.9998    -0.9400
125 6433    49.9998    -1.9583
126 6533  3846.9998   133.6543
127 6533     0.0002     1.3199
128 6533   435.9385    61.1309
129 6533     0.0002     1.3893
130 6533     0.0002     2.1535
131 7031  2836.9998  -181.5360
132 7031  4183.9998  -267.6345
133 7031   332.9998   -21.3647
134 7031   596.9998   -38.2518
135 7031     0.0998  -127.9324
136 7032   550.8545   825.9997
137 7032   977.9998   488.9998
138 7032   690.9998   345.9998
139 7032   199.9998    22.9998
140 8033     0.0002   716.6956
141 8034  2559.9998   676.9172
142 8034   687.9998   181.9214

bus  Vm[pu]  Va[deg]
1001  1.04289   -3.7813
1002  1.03587   -1.3956
1003  0.99651   -9.6721
1004  1.03988    4.2333
1032  1.03695   -0.6557
1034  1.03869    5.0914
1101  1.05287  -14.6575
1102  1.04372   -9.5576
1131  1.05644  -13.4506
1201  1.04288  -14.9604
1202  1.01647  -11.5367
1232  1.01224  -10.6963
1301  1.02622  -17.0681
1302  1.06815  -15.3366
1303  1.09439  -15.6886
1331  1.02597  -15.9470
1333  1.10000  -14.2378
1401  0.96687  -22.9734
1402  0.99954  -29.2614
1403  0.96709  -22.8669
1431  0.96723  -20.7294
2000  1.02555  -13.0544
2030  1.02799  -12.2829
2100  0.96378  -22.2887
2130  0.96368  -21.9559
2201  0.97949  -28.5168
2202  0.97843  -29.6150
2203  1.00079  -28.0193
2233  1.00256  -27.4600
2301  0.99718  -17.5146
2302  0.99661  -15.9841
2332  0.99644  -15.6616
2400  0.97558  -30.2028
2401  1.04738  -23.8145
2402  1.02573  -28.2759
2403  0.99291  -32.8426
2404  1.04851  -19.1992
2405  1.03407  -22.1560
2406  1.01616  -23.3505
2407  0.96884  -25.9763
2408  1.00941  -12.9464
2409  1.01730  -29.6793
2410  1.02699  -25.6236
2411  1.03845  -21.5027
2438  1.01155  -11.0374
2501  1.01488  -29.8854
2502  1.01102  -30.7849
2503  1.00564  -28.4382
2533  1.00656  -27.8065
2600  1.05869  -19.0916
2601  1.05904  -20.2040
2602  1.04719  -19.8868
2603  1.05805  -19.7632
2604  1.09922  -18.3537
2605  1.06465  -17.2718
2606  1.06465  -17.2718
2607  1.06465  -18.8472
2608  1.03684  -24.1854
2609  1.04111  -18.2273
2610  1.09696   -3.5661
2611  1.03941  -21.2349
2612  1.03835  -21.3533
2613  1.05163  -14.3741
2614  1.05482  -15.8927
2615  1.03932  -19.8690
2616  1.05265  -14.6866
2617  1.04491  -16.6430
2618  1.03520  -22.5785
2619  1.03625  -20.9269
2620  1.03721  -21.1962
2621  1.06131  -16.9710
2630  1.10000   -2.9270
2631  1.03956  -21.1505
2634  1.10000  -17.9035
2637  1.03888  -21.3533
2638  1.03703  -24.3043
2901  1.08414  -19.2676
2902  1.10000  -20.7356
3101  1.08200  -10.2303
3102  1.08668   -9.1868
3103  1.09568   -6.9005
3104  1.08562  -11.8150
3105  1.09963  -10.0800
3133  1.09815   -6.9005
3135  1.10000   -9.9926
3201  1.06347   -5.7053
3202  1.06902   -5.6582
3203  1.07555   -6.4706
3204  1.09698   -2.1685
3205  1.08115   -4.3962
3234  1.10000   -1.1841
3301  1.09656  -12.0825
3302  1.07797  -11.9538
3303  1.08853  -11.4261
3304  1.08059  -12.2869
3305  1.08598   -6.8285
3333  1.09128  -11.3748
3401  1.05053   -8.1712
3402  1.09860    0.3359
3403  1.09796    6.4710
3404  1.05224   -8.6795
3405  1.03388  -12.5597
3432  1.10000    0.6246
3433  1.10000    7.0982
3501  1.09900   -0.4040
3531  1.10000   -0.1213
3601  1.09957   -0.1408
3631  1.10000   -0.0944
3701  0.95710  -31.0936
3731  0.95814  -31.0140
3801  1.03363   -7.2420
3802  1.05624  -13.2800
3803  1.05940  -15.4396
3804  1.05629   -8.5402
3805  1.05947  -12.3155
3806  1.09830  -12.7625
3831  1.03126   -6.6327
3835  1.05958  -11.9630
3836  1.10000  -12.7625
3891  1.06065  -18.9244
3892  1.05554  -11.1624
3893  1.04405  -23.5248
3894  1.05539  -11.0910
3895  1.04428  -23.5532
3896  1.05616  -10.8789
3897  1.04598  -23.3381
3901  1.06502  -17.6258
3902  1.06426  -10.7860
3903  1.06660  -10.5123
3904  0.96349   -1.8601
3905  0.98241   -8.8575
3906  0.96966   -8.5263
3907  1.03158  -13.5706
3908  0.99596  -18.9151
3909  0.95954  -22.8047
3910  0.99784  -12.7713
3911  1.04766   -2.6228
3912  1.03559   -9.5128
3913  1.00435  -16.4370
3914  1.08108   -3.9564
3915  1.06767   -4.5963
3916  1.03620   -9.3714
3917  1.04847  -15.6541
3918  1.06738  -11.5893
3919  0.95842  -21.4427
3920  0.97463  -21.1702
3921  1.05057    7.9758
3922  0.96976  -16.8270
3923  1.09439   -1.3485
3924  1.04076   -5.4846
3925  1.07405   -1.2836
3926  0.96355  -27.3920
3931  1.05395    8.6814
3932  1.06316  -10.4118
3933  1.10000    0.0000
4001  0.95251  -10.6711
4002  1.00705  -11.5239
4003  1.10000   -8.9191
4004  0.95545  -12.7548
4005  0.91208  -13.7636
4006  0.92222  -21.4261
4007  0.92277  -21.7680
4008  0.94469  -14.1170
4009  0.94203  -26.8178
4010  0.93715  -26.7086
4031  0.94641  -10.2441
4035  0.90000  -12.0903
4039  0.95122  -26.7526
4090  1.00054  -11.4095
4091  0.98051  -12.2379
4092  0.95986  -11.2139
4093  0.95955  -11.0126
4094  0.96222  -12.5501
4095  0.95896  -11.1251
4096  0.95853  -10.9124
4097  0.96216  -12.5353
4101  1.01368   -8.8934
4102  0.98465   -5.6433
4103  0.97830  -18.5987
4104  0.92981  -27.0853
4131  1.01594   -8.3225
4132  0.99117   -2.7660
4201  0.99817  -10.0497
4202  0.93408  -20.2778
4203  0.90000  -23.7282
4204  0.92619  -13.8838
4231  1.00105   -9.2411
4232  0.93933  -20.0907
5001  1.00788    8.1304
5002  1.09056   11.4211
5003  1.03268    2.0309
5004  0.95749  -11.7935
5031  1.01583   10.5931
5032  1.10000   14.0341
6101  1.09981   -5.9010
6102  1.07782   -5.0827
6103  1.05732   -8.9837
6104  0.99562  -21.6607
6132  1.07685   -4.4192
6201  1.05760    5.4661
6202  1.02480   -6.2432
6203  1.07163   -2.3746
6204  1.05254  -14.1221
6205  1.10000   -7.5444
6231  1.05762    6.1451
6235  1.09897   -7.3351
6301  1.06219   -6.8294
6302  1.01084   -4.8623
6303  1.09696    7.5038
6304  1.02976   -2.6767
6305  1.03848   -6.9605
6333  1.10000    8.3562
6335  1.03835   -6.8544
6401  0.90863  -35.1378
6402  0.92851  -34.4064
6403  0.98579  -15.6022
6404  1.03087  -20.0340
6433  0.98542  -15.3858
6501  1.07310  -17.5589
6502  1.07858  -17.2593
6503  1.09926   -2.0347
6504  1.08286  -17.1422
6505  1.10000   -1.9671
6506  1.08523   -1.8876
6507  1.09338  -13.0894
6508  1.07580  -13.3585
6509  1.07696  -17.3642
6510  1.05931  -23.5755
6533  1.10000   -1.0199
7001  1.01005   -3.9049
7002  1.09240   -4.3361
7031  1.00611   -1.6629
7032  1.10000   -3.7591
8001  1.02696   -7.1585
8002  1.06502   -1.6123
8003  1.09674  -11.3106
8004  1.09619  -21.6602
8005  1.04462  -11.0505
8033  1.10000  -11.3106
8034  1.10000  -20.8886
