# Wes Sander, MoltFire
pglib_opf_case24_ieee_rts: AC-OPF objective 63352.203358 $/h (verified feasible at 1e-06 pu)

gen  bus  Pg[MW]  Qg[MVAr]
  0    1    16.0000     4.3517
  1    1    16.0000     4.3517
  2    1    76.0000    -1.0657
  3    1    76.0000    -1.0657
  4    2    16.0000     4.1370
  5    2    16.0000     4.1370
  6    2    76.0000    -2.2467
  7    2    76.0000    -2.2467
  8    7    70.3428    16.4385
  9    7    70.3428    16.4385
 10    7    70.3428    16.4385
 11   13    78.5791    32.5918
 12   13    78.5791    32.5918
 13   13    78.5791    32.5918
 14   14     0.0000   114.9084
 15   15     2.4000     6.0000
 16   15     2.4000     6.0000
 17   15     2.4000     6.0000
 18   15     2.4000     6.0000
 19   15     2.4000     6.0000
 20   15   155.0000    79.9993
 21   16   155.0000    79.9998
 22   18   400.0000    72.8982
 23   21   400.0000    -7.4577
 24   22    50.0000    -6.4133
 25   22    50.0000    -6.4133
 26   22    50.0000    -6.4133
 27   22    50.0000    -6.4133
 28   22    50.0000    -6.4133
 29   22    50.0000    -6.4133
 30   23   155.0000     0.9968
 31   23   155.0000     0.9968
 32   23   350.0000    43.6495

bus  Vm[pu]  Va[deg]
   1  1.04723   -6.7554
   2  1.04721   -6.8311
   3  1.01378   -6.1875
   4  1.01625   -9.5743
   5  1.03543   -9.7376
   6  1.03241  -12.3105
   7  1.03600   -9.8766
   8  1.00896  -12.5532
   9  1.02393   -7.8182
  10  1.05000   -9.6783
  11  1.02263   -2.6131
  12  1.01727   -1.8761
  13  1.03348    0.0000
  14  1.03987    1.0124
  15  1.04106    9.3244
  16  1.04428    8.5426
  17  1.04756   12.8916
  18  1.05000   14.2470
  19  1.03895    7.4932
  20  1.04397    8.4523
  21  1.05000   15.0230
  22  1.05000   20.6912
  23  1.05000    9.6838
  24  1.00585    3.6683
