# Wes Sander, MoltFire
pglib_opf_case197_snem: AC-OPF objective 1.501700 $/h (verified feasible at 1e-06 pu)

gen  bus  Pg[MW]  Qg[MVAr]
  0 2114   102.1615    15.4462
  1 2115    92.1705    12.4962
  2 2116    70.3654    12.4092
  3 2117    60.0000     2.9636
  4 2118   130.0000    11.2652
  5 2119    40.0000     3.5567
  6 2123    80.0000    11.3793
  7 2124     0.0000     1.8653
  8 2125   100.0000    12.8813
  9 2126     0.8348    -0.7613
 10 2127    11.6152    -4.6731
 11 2128    11.4367    -4.5465
 12 2129     2.7023    -1.1163
 13 2130     2.7813    -1.1483
 14 2131     2.7191    -1.1234
 15 2132    39.9999    -6.2790
 16 2133    47.5205    -1.3872
 17 2134    43.5177    -9.7995
 18 2135    40.1133    -9.1445
 19 2136    45.6751   -10.3220
 20 2138    40.0000   -29.9999
 21 2139     0.0000    -9.9999
 22 2140    69.9999   -13.6207
 23 2142    70.0000     7.0561
 24 2143    70.0000     5.3967
 25 2144    70.0000     7.1970
 26 2148    29.3831    -3.9206
 27 2329    70.0000     6.2605
 28 2330    40.0000     4.6272
 29 2331     0.0000    -5.4930
 30 2332    32.6324    -1.6412
 31 2333    20.0000    -9.3160
 32 2334    32.6844    -2.0482
 33 2335    33.3869    -1.8431
 34 2250     0.0000  -186.1532

bus  Vm[pu]  Va[deg]
2112  0.98894   -4.7811
2114  1.01514    4.7825
2115  1.01296    3.9658
2116  1.01825    5.3250
2117  1.08538    1.0191
2118  1.02071    0.3359
2119  0.99425   -1.6978
2120  1.01243  -12.5204
2121  1.01243  -12.5204
2122  1.01243  -12.5204
2123  1.05167   -3.2649
2124  1.06358  -12.2685
2125  1.07635   -4.7138
2126  1.02838   -5.6745
2127  1.02338   -4.7182
2128  1.02313   -4.6839
2129  0.98417   -5.4724
2130  0.98409   -5.4606
2131  0.98419   -5.4746
2132  0.98944    1.2115
2133  0.98041   -0.6799
2134  0.94614    0.0438
2135  0.94671   -0.1078
2136  0.94631    0.0000
2137  1.01774   -6.8243
2138  0.96106   -3.8768
2139  1.00597   -8.3051
2140  0.95621    1.2187
2141  0.98558   -6.4996
2142  1.00229    0.7739
2143  0.99971   -0.4137
2144  1.00263    0.8407
2145  0.99385   -6.5979
2146  1.08232   -3.7232
2147  1.05730   -2.4335
2148  1.10000   -0.7790
2149  0.99242   -4.7187
2150  0.99218   -4.7181
2152  1.06284   -3.9439
2153  1.06044   -4.0267
2155  1.06004   -3.8646
2156  1.06276   -3.9429
2157  1.05565   -4.6728
2158  1.05876   -4.1190
2160  1.06006   -7.2571
2161  1.06372   -6.9766
2162  1.06586   -6.6743
2163  1.06243   -7.2793
2164  1.06950   -7.7849
2165  1.06854   -7.7751
2166  1.06005   -7.2570
2167  1.06369   -7.5075
2168  1.05325   -7.8492
2169  1.05562   -7.6898
2170  1.05621   -7.5469
2171  1.03731   -6.2729
2172  1.04710   -5.5133
2173  1.05845  -12.5204
2174  1.05460  -12.8520
2175  1.05438  -12.9548
2176  1.01872   -7.7418
2177  1.01797   -7.8587
2178  1.02158   -7.0077
2180  1.03259   -6.0027
2183  1.03297   -6.2790
2186  1.02872   -6.3594
2189  1.03279   -6.0147
2190  1.02525   -7.5147
2192  1.02849   -8.0241
2193  1.03124   -7.6380
2194  1.03020   -7.8431
2195  1.02931   -8.1302
2198  1.02911   -8.1144
2199  1.10000   -8.4140
2200  1.02868   -8.2394
2201  1.02862   -8.2391
2202  1.02397   -8.6334
2203  1.02817   -8.3329
2204  1.02719   -8.0444
2205  1.02728   -8.0001
2206  1.02782   -8.0049
2207  1.02396   -8.1921
2208  0.97162  -13.6030
2209  1.02163   -8.3349
2210  1.01975   -8.4512
2212  1.02720   -8.3662
2214  1.01128   -8.3051
2215  1.02919   -5.7466
2217  1.03339   -6.5657
2219  1.03014   -6.4991
2220  1.01702   -8.2889
2221  1.10000  -11.2843
2222  1.01920   -7.4575
2223  1.01165   -8.3829
2224  1.01693   -8.2802
2225  1.01181   -8.3840
2226  1.06901   -7.8161
2227  1.04776   -5.5268
2228  1.05847  -12.5342
2229  1.06601   -4.9657
2231  1.01478   -8.0114
2232  1.02874   -8.2151
2233  1.02871   -8.2108
2234  1.02659   -9.5394
2235  1.02676   -9.5352
2237  1.02003   -8.4258
2238  1.02667   -5.6443
2239  1.09405   -1.3329
2240  1.09369   -1.4584
2241  1.09073   -2.1983
2242  1.09068   -2.6645
2243  1.08909   -2.6538
2244  1.08053   -5.0093
2247  1.07803   -5.7722
2249  1.07637   -6.1474
2250  1.05144  -12.0539
2255  1.05560   -5.1238
2259  1.05269   -4.9620
2261  1.04255   -2.4674
2262  1.04321   -5.6475
2263  1.06366   -7.0531
2268  1.06026   -5.9893
2269  1.06070   -6.5963
2270  1.05268   -8.6356
2272  1.06988   -7.7048
2273  1.06557   -8.2358
2274  0.99332   -9.9927
2275  1.00410   -8.8937
2276  1.01068   -7.9909
2277  1.03573  -10.7965
2278  1.02719   -9.7539
2279  1.02287   -7.9168
2280  1.04824   -4.1639
2281  1.00781   -2.4445
2282  1.05456   -4.8463
2283  1.06988   -5.9519
2284  1.05951   -4.1820
2285  1.05176   -8.4832
2286  1.07301   -8.4972
2287  1.04442  -10.4775
2288  1.04827   -8.5248
2289  1.07214   -8.9436
2290  1.05862  -10.8071
2291  1.05862  -12.1861
2292  1.02753  -13.9049
2293  1.01542   -8.3407
2294  0.97340   -7.0077
2295  1.03254   -6.6911
2296  1.06070   -7.3678
2297  1.03501   -6.1057
2298  1.00927  -10.4629
2299  1.01698   -9.7795
2300  1.04438   -8.9496
2301  1.04554   -8.8706
2302  1.03984  -11.5251
2303  1.04318  -11.3164
2304  1.02924   -9.3329
2305  1.02791   -9.3938
2306  1.02292   -8.9993
2307  1.02300   -8.9732
2308  1.02994   -9.0572
2309  1.03721   -9.2925
2310  1.02052   -8.7623
2311  1.00947  -13.6030
2312  1.01273   -9.3851
2313  1.04888  -10.5051
2314  1.01548   -9.3418
2315  0.99520  -10.9106
2316  1.00457   -7.3802
2317  1.04098   -9.6036
2318  1.01601   -9.7358
2319  1.06621   -4.0916
2320  0.99694  -10.9168
2321  1.02012   -9.3926
2322  1.07095   -8.5084
2323  1.03224   -6.0188
2324  1.04885   -8.9907
2325  1.04884   -8.9656
2326  1.04869   -8.9978
2328  1.09309    0.9462
2329  1.02501    1.6026
2330  1.02224    1.6049
2331  0.98802   -5.0580
2332  1.00095    2.3830
2333  0.99354   -2.6945
2334  1.00164    1.6762
2335  1.00120    2.1023
2336  1.00560   -9.6632
2337  1.07748  -11.5333
2338  1.01856   -7.8622
2339  1.02355  -10.8690
10108  1.01236   -7.7955
10109  1.01417   -8.1352
10110  1.04426   -7.9133
10111  1.05398   -7.9679
10112  1.04726  -10.4057
10113  1.04714  -10.4307
