# Wes Sander, MoltFire
pglib_opf_case73_ieee_rts: AC-OPF objective 189764.086891 $/h (verified feasible at 1e-06 pu)

gen  bus  Pg[MW]  Qg[MVAr]
  0  101    16.0000     4.4311
  1  101    16.0000     4.4311
  2  101    76.0000    -0.6291
  3  101    76.0000    -0.6291
  4  102    16.0000     4.1660
  5  102    16.0000     4.1660
  6  102    76.0000    -2.0867
  7  102    76.0000    -2.0867
  8  107    66.8159    20.6157
  9  107    66.8159    20.6157
 10  107    66.8159    20.6157
 11  113    69.0002    36.6560
 12  113    69.0002    36.6560
 13  113    69.0002    36.6560
 14  114     0.0000   106.6901
 15  115     2.4000     5.9999
 16  115     2.4000     5.9999
 17  115     2.4000     5.9999
 18  115     2.4000     5.9999
 19  115     2.4000     5.9999
 20  115   155.0000    79.9979
 21  116   155.0000    79.9993
 22  118   400.0000    66.6008
 23  121   400.0000   -25.0068
 24  122    50.0000    -6.6985
 25  122    50.0000    -6.6985
 26  122    50.0000    -6.6985
 27  122    50.0000    -6.6985
 28  122    50.0000    -6.6985
 29  122    50.0000    -6.6985
 30  123   155.0000    -5.2343
 31  123   155.0000    -5.2343
 32  123   350.0000    35.2616
 33  201    16.0000     4.1818
 34  201    16.0000     4.1818
 35  201    76.0000    -1.9999
 36  201    76.0000    -1.9999
 37  202    16.0000     4.1259
 38  202    16.0000     4.1259
 39  202    76.0000    -2.3073
 40  202    76.0000    -2.3073
 41  207    71.5737    16.5844
 42  207    71.5737    16.5844
 43  207    71.5737    16.5844
 44  213    90.1861    35.4713
 45  213    90.1861    35.4713
 46  213    90.1861    35.4713
 47  214     0.0000   105.2084
 48  215     2.4000     5.9999
 49  215     2.4000     5.9999
 50  215     2.4000     5.9999
 51  215     2.4000     5.9999
 52  215     2.4000     5.9999
 53  215   155.0000    79.9976
 54  216   155.0000    79.9993
 55  218   400.0000    61.7931
 56  221   400.0000    -9.8327
 57  222    50.0000    -6.7968
 58  222    50.0000    -6.7968
 59  222    50.0000    -6.7968
 60  222    50.0000    -6.7968
 61  222    50.0000    -6.7968
 62  222    50.0000    -6.7968
 63  223   155.0000    -1.7498
 64  223   155.0000    -1.7498
 65  223   350.0000    39.9522
 66  301    16.0000     4.5339
 67  301    16.0000     4.5339
 68  301    76.0000    -0.0637
 69  301    76.0000    -0.0637
 70  302    16.0000     4.2202
 71  302    16.0000     4.2202
 72  302    76.0000    -1.7889
 73  302    76.0000    -1.7889
 74  307    70.2973    16.7153
 75  307    70.2973    16.7153
 76  307    70.2973    16.7153
 77  313    76.9471    37.9512
 78  313    76.9471    37.9512
 79  313    76.9471    37.9512
 80  314     0.0000   117.8891
 81  315     2.4000     5.9999
 82  315     2.4000     5.9999
 83  315     2.4000     5.9999
 84  315     2.4000     5.9999
 85  315     2.4000     5.9999
 86  315   155.0000    79.9981
 87  316   155.0000    79.9994
 88  318   400.0000    57.4670
 89  321   400.0000   -13.1990
 90  322    50.0000    -6.6827
 91  322    50.0000    -6.6827
 92  322    50.0000    -6.6827
 93  322    50.0000    -6.6827
 94  322    50.0000    -6.6827
 95  322    50.0000    -6.6827
 96  323   155.0000    -0.6501
 97  323   155.0000    -0.6501
 98  323   350.0000    41.4325

bus  Vm[pu]  Va[deg]
 101  1.04776   -7.7415
 102  1.04782   -7.8178
 103  1.01085   -7.2109
 104  1.01765  -10.5661
 105  1.03568  -10.7088
 106  1.03242  -13.2794
 107  1.03745  -11.2767
 108  1.01024  -13.7497
 109  1.02610   -8.8152
 110  1.05000  -10.6207
 111  1.02764   -3.9167
 112  1.02024   -2.4242
 113  1.03943    0.0000
 114  1.04402   -1.7306
 115  1.04335    7.9597
 116  1.04565    7.5693
 117  1.04782   11.4342
 118  1.05000   12.5246
 119  1.03962    6.6578
 120  1.04399    7.7406
 121  1.05000   13.0865
 122  1.05000   18.9498
 123  1.05000    9.0562
 124  1.01155    2.3834
 201  1.04840  -10.6896
 202  1.04844  -10.7589
 203  1.01885  -10.4745
 204  1.01890  -13.4847
 205  1.03603  -13.6118
 206  1.03259  -16.1567
 207  1.03973  -13.4661
 208  1.01203  -16.2236
 209  1.02781  -11.7241
 210  1.05000  -13.4798
 211  1.02735   -6.9334
 212  1.01921   -5.2533
 213  1.03753   -3.2151
 214  1.04336   -4.6852
 215  1.04327    4.6335
 216  1.04556    4.7001
 217  1.04847    8.8184
 218  1.05000    9.9947
 219  1.03946    4.2123
 220  1.04380    5.6645
 221  1.05000   10.6321
 222  1.05000   16.4320
 223  1.05000    7.1815
 224  1.01455   -0.9601
 301  1.04858   -9.3479
 302  1.04863   -9.4306
 303  1.01045   -8.5768
 304  1.01785  -12.1877
 305  1.03608  -12.3499
 306  1.03260  -14.9420
 307  1.03805  -12.5479
 308  1.01056  -15.1828
 309  1.02579  -10.4461
 310  1.05000  -12.3011
 311  1.02830   -5.7406
 312  1.01901   -4.1460
 313  1.03803   -2.4152
 314  1.04631   -3.2079
 315  1.04300    7.0509
 316  1.04558    6.5988
 317  1.04785   10.3442
 318  1.05000   11.3426
 319  1.03953    5.9154
 320  1.04389    7.1971
 321  1.05000   12.3412
 322  1.05000   18.0691
 323  1.05000    8.6211
 324  1.01046    1.3061
 325  1.04986    8.9933
