# Wes Sander, MoltFire
pglib_opf_case89_pegase: AC-OPF objective 107285.674793 $/h (verified feasible at 1e-06 pu)

gen  bus  Pg[MW]  Qg[MVAr]
  0  913  1700.0000   413.8756
  1 2107   500.0000   661.8990
  2 2267   166.6700   228.1600
  3 3659   666.6700   671.0570
  4 4586    14.8199   -29.8100
  5 5097     7.0800     8.9099
  6 6233  1200.0000   -99.8516
  7 6798   333.3300   429.6036
  8 7279   100.0000    14.7799
  9 7960   346.8204   274.1976
 10 8605   200.0000   -93.6499
 11 9239   600.0000   274.1976

bus  Vm[pu]  Va[deg]
  89  1.00733   -3.2258
 228  1.06164   -4.7196
 271  1.05142   -7.8837
 317  1.05776    5.5909
 659  1.05879    5.4245
 792  1.04860   -2.1803
 913  1.03302    0.0000
 955  1.01443  -10.4263
1037  1.06111    4.3161
1163  1.01894   -0.5506
1317  1.03968    2.7874
1367  1.01499   -0.2003
1445  1.04803   -0.2939
1531  1.04034   -8.0447
1579  1.02258   -3.0902
1611  1.06469   -7.7555
1616  1.01374   -2.6719
1676  1.01861   -0.5872
1815  1.06760   -0.1434
1968  1.03415  -10.4679
2107  1.05137   -1.2682
2154  1.05132    0.7227
2168  1.02791  -12.3480
2267  1.05196    9.8217
2268  1.00261   -4.2162
2299  1.05234   -8.0510
2441  1.00362   -4.9116
2449  1.10000   -4.6027
2520  1.00878   -3.3369
2870  1.06111    4.3161
2908  1.03358   -9.2914
3097  1.05642    3.7440
3242  1.07564   -7.7488
3279  1.04866   -2.1450
3493  1.05120   -7.2975
3506  1.01467  -10.3928
3659  1.06488   -0.6309
4014  1.06584   -6.7321
4423  1.05234   -8.0300
4427  1.04852   -8.7847
4495  1.04955   -8.4863
4586  1.05789   -6.1206
4665  1.05099   -8.9737
4929  1.06111    4.3161
5097  1.07557   -7.7488
5155  1.04318   -9.0146
5210  1.04826   -0.0897
5416  1.05112   10.2017
5509  1.01454   -3.9397
5587  1.05129   -7.2610
5762  1.05529   -0.9526
5776  1.07912   -6.6528
5848  1.02535   -2.7483
5996  1.05525   -0.9524
6069  0.98823   -5.7144
6233  1.05809    5.6409
6293  1.00684   -4.5724
6542  1.08004   -2.5607
6704  1.00779   -2.1627
6798  1.06220    5.5433
6826  1.08002   -7.0925
6833  0.97933   -6.4105
7051  1.02319    0.2441
7180  0.98196   -6.4970
7279  1.06584   -6.7321
7526  1.03126   -1.9921
7563  1.05953   -9.7074
7637  1.04918   16.2154
7762  1.01934   -2.3721
7829  1.06489   -4.0869
7960  1.06061    5.5276
8103  1.01331   -1.1093
8179  1.01445   -3.3555
8181  1.01384   -3.2077
8229  1.07912   -6.6528
8329  1.05278    4.8799
8335  1.04033   -8.0627
8420  1.06504   -7.7180
8574  1.01074   -2.5225
8581  1.05348   27.1331
8605  1.01531   -0.1397
8847  1.02112   -0.0591
8921  1.01005   -1.9433
8964  1.02777  -12.3782
9024  1.06688    1.4178
9025  1.01497   -3.0893
9064  1.01305   -2.6637
9192  1.03528  -10.2451
9239  1.06080    5.6150
